surprise:0.60387
happy:0.13374
fear:0.11183
angry:0.07037
neutral:0.04789
sad:0.02789
disgust:0.00441
