sad:0.40621
neutral:0.39070
fear:0.07603
happy:0.07324
angry:0.04160
surprise:0.01149
disgust:0.00074
